100
5846 6140 125 3369 0
314 1264 6342 8492 0
1760 4433 1249 1250 0
1517 3944 2014 7341 0
3303 9722 243 7717 0
6751 9494 5347 7205 0
5677 5724 5675 6653 0
255 8830 6019 6997 0
488 9704 4538 6274 0
3167 7304 6311 9393 0
1726 9930 1786 7224 0
6446 6624 2999 8250 0
2722 3665 6365 8866 0
2089 9321 724 9022 0
6112 7595 3338 6009 0
6447 7000 2359 3460 0
4214 5474 4628 7482 0
9573 9849 1324 9330 0
43 9021 849 9973 0
4660 7566 5290 8371 0
6032 8833 7013 7546 0
3091 7776 7672 8920 0
2347 6730 4119 8041 0
6708 7978 3144 5343 0
5688 7678 6188 8453 0
454 8074 6404 9447 0
5817 6017 4211 5051 0
648 2176 384 3656 0
5000 6346 4420 9373 0
6191 8011 3681 9279 0
3033 3832 3218 6920 0
4830 5970 1505 6404 0
3502 8473 7550 8407 0
6309 9910 1879 7459 0
3597 5868 4710 5020 0
1672 7598 236 9353 0
4380 7341 2415 9189 0
6456 8997 856 2350 0
4282 9013 2993 3101 0
3427 6817 7614 8283 0
776 6141 1730 2472 0
3210 6825 1021 6955 0
1477 2065 1346 1997 0
4333 7663 6458 8809 0
2164 9539 2786 4275 0
189 845 5320 7075 0
6391 7899 4449 8890 0
2711 4227 3111 6739 0
5272 5480 3495 4641 0
7952 9350 7234 8587 0
3815 9173 7329 9047 0
2326 4446 1938 6867 0
86 8738 1317 6299 0
712 1713 2473 2526 0
2582 9674 7729 9032 0
4852 6858 642 3562 0
5070 7023 1221 2741 0
711 8588 6553 9102 0
3596 4064 124 217 0
4787 5562 9720 9910 0
2613 4518 489 5334 0
5446 8473 7484 8494 0
1922 3650 1808 5022 0
2095 2297 328 5150 0
337 1117 1918 4779 0
6900 7653 815 2019 0
4689 6447 6816 9502 0
1148 9732 3470 6886 0
402 2003 3732 8789 0
4017 9815 1278 3009 0
3629 8440 739 7776 0
3775 4541 1801 6155 0
436 8846 3745 6025 0
2654 4229 4371 6400 0
6122 9201 6244 7533 0
4306 7193 203 7573 0
1952 2909 4428 7823 0
831 4116 6300 7732 0
3227 6044 7591 7944 0
4132 6038 2000 9887 0
1876 8301 1461 4771 0
2641 9509 5844 6900 0
3913 8260 1535 4166 0
2823 9344 2358 6328 0
5200 6688 3320 8322 0
1153 7195 4059 4819 0
5859 6777 994 3919 0
881 4581 5733 7005 0
3391 9938 840 3620 0
2733 5938 4263 9543 0
6106 7547 510 2535 0
506 7367 2017 9857 0
3935 4851 4541 9930 0
81 3911 360 3575 0
1809 8724 9249 9978 0
1037 2052 720 6187 0
4284 6709 1135 9384 0
3846 9424 2925 9551 0
1540 8617 193 7497 0
2863 5767 4064 7432 0
