100
1249 1250 1517 3944 13
2155 2293 289 8415 139
7846 7859 3917 8255 99
2147 2194 3950 7111 120
3578 3703 3167 9684 155
623 670 2731 5132 290
6480 6500 250 7279 48
5598 5659 2769 7987 241
1954 2032 3304 7068 202
2813 2967 1839 5747 180
1688 1728 572 2149 149
7360 7584 1522 8424 242
8310 8477 3277 8606 173
2778 2862 1919 8139 226
852 887 3821 4577 214
4815 5014 3318 6256 284
3497 3582 5546 7176 209
4620 4629 3019 6405 227
4757 4928 4537 6885 272
6580 6797 832 7012 219
4178 4195 2557 6697 172
7370 7535 7180 7830 187
8628 8739 923 8873 169
5648 5718 145 7259 276
5272 5361 3758 7426 192
3004 3272 1400 7714 293
8232 8294 4275 9086 204
1060 1065 2089 6789 165
5174 5197 4734 8120 82
6246 6264 6402 7917 213
8765 8947 879 8995 275
802 1023 607 1376 246
7596 7700 3218 8930 238
2729 2890 2679 8441 231
5874 6038 5347 8827 173
2861 2902 1096 6410 215
4484 4666 3625 8283 236
3657 3716 2862 6310 145
7238 7287 80 9518 282
960 1064 952 9641 262
4892 4944 2574 7575 111
4481 4501 8418 9713 104
3519 3598 3295 5474 100
8862 8932 6373 9581 71
2588 2691 666 6099 265
2621 2648 2295 9729 199
6586 6689 3712 8783 237
2227 2276 182 9689 283
5457 5630 1382 9530 269
2266 2530 3 4308 291
1140 1143 334 8676 75
6647 6873 4041 8091 256
5385 5447 3236 6444 130
629 694 632 6648 232
4548 4768 4112 9944 223
3394 3405 817 5730 38
4859 5062 4278 9525 239
5005 5100 3604 9898 135
2514 2601 6484 9877 298
3720 3841 2304 4402 140
673 766 981 8789 227
5782 5785 5283 6892 256
2351 2360 1552 4360 79
4476 4498 1525 7783 122
4476 4478 914 5020 233
7045 7104 5745 9162 299
3706 3796 2382 4838 276
5670 5805 5718 9998 159
7855 7938 7569 8309 242
9678 9829 6606 9872 273
2778 2951 459 3488 231
4374 4457 2675 7465 299
5833 5845 3296 8851 209
3093 3341 3368 4191 287
6729 6883 4558 8068 178
8548 8580 7283 8710 166
5432 5587 2002 9348 255
654 659 7880 8706 190
5133 5140 2824 9151 63
2766 2896 1437 8686 210
1893 2099 2010 7293 276
6823 6936 4268 8184 261
4744 4891 1397 7128 258
2615 2643 2319 4718 178
5904 5969 2428 9071 271
3782 3785 2781 4107 166
1871 2107 466 5357 260
5600 5812 1934 8790 249
2969 3062 1923 9823 170
4945 4991 1749 8024 244
1187 1286 1259 8250 135
102 214 4235 8001 208
3796 3818 658 5847 85
1097 1156 1928 3332 264
1057 1114 1455 2497 199
6215 6287 4241 9435 298
5380 5399 472 7214 77
113 268 606 3973 284
4537 4572 2301 7553 258
2124 2223 692 5723 101
