100
1249 1250 1517 3944 2013
3303 7341 243 9722 7716
6019 6997 488 9704 4537
6274 7304 3167 9393 6310
2999 6446 2722 8250 3664
6365 8866 2089 9321 9021
724 6112 3338 7595 6008
5474 7482 4628 9573 9848
5343 5688 7678 8453 6187
454 8074 6404 9447 5816
384 3656 5000 6346 4419
3033 3832 3218 6920 5969
4830 6404 1505 8473 3501
7550 8407 6309 9910 1878
1672 7598 236 9353 7340
856 2350 4282 9013 2992
3101 3427 6817 7614 8282
1346 1997 4333 7663 6457
189 845 5320 7075 7898
4449 6391 4227 8890 2710
3495 7952 7234 9350 8586
124 5562 4787 9720 9909
2613 4518 489 5334 5445
328 337 1117 4779 1917
3732 4017 3009 9815 1277
6122 6400 7533 9201 6243
4306 7193 203 7573 2908
2641 5844 3913 6900 8259
1535 4166 2823 9344 6327
3620 5938 2733 9543 4262
2017 7367 4851 9857 3934
360 1809 8724 9978 9248
1037 2052 720 6187 4283
6709 9384 1135 9424 3845
193 2863 4064 5767 7431
4207 5357 160 7246 9353
1382 5877 395 6010 7461
4092 7849 1083 9837 3895
3907 5963 3930 8572 8116
5073 5647 5449 7132 6748
6677 8949 6179 9865 3281
4346 4552 240 5921 8805
7867 7984 7793 8093 2309
2174 2650 1177 2939 6891
3864 5516 1620 9648 9931
1874 4427 2667 5469 9241
423 2379 4837 6154 4680
4520 5919 3227 8630 9089
5193 7675 1633 9670 8307
5748 6043 1901 8995 8428
2033 4929 1088 9742 7412
5675 7835 6189 8515 3774
1403 3686 2268 5911 8677
153 7849 406 7910 6103
2767 3146 3220 3908 2787
5091 6799 3912 7639 6252
2155 2293 289 8415 3039
616 840 1596 8955 8156
3901 4571 5986 8872 8699
573 4033 4711 9119 4723
4801 6911 5975 8598 4107
1966 5911 2419 9111 8573
1499 1737 6359 7580 5573
72 7304 9173 9775 8084
1053 1365 257 9038 7769
2047 3998 2001 6198 6434
2126 5165 1976 7325 3263
213 1886 406 9527 2171
4116 5459 2993 5876 8426
383 1684 181 6719 1325
90 4961 414 5241 7254
7739 8900 3050 9818 3440
2675 7888 2708 7998 5200
3007 6292 9050 9653 9528
5017 6889 4303 7135 6898
3241 5543 7877 9674 7308
241 3723 3798 9596 9498
118 3543 3042 9896 8998
6748 7686 3144 9522 3487
5447 7243 7416 8784 4757
2871 6489 3341 6696 7316
1814 5548 6593 7354 9267
7 1142 578 6827 9387
4254 5974 5381 9469 4042
215 3638 6763 9587 5509
5804 6762 344 7640 6944
704 4749 4665 8813 6630
3991 4725 4914 8753 1673
3221 4170 3332 8847 9424
2755 4737 5790 5982 7112
19 4325 1888 6772 8990
6033 7570 2678 8607 6695
4500 4871 5411 9647 8449
7846 7859 3917 8255 699
1585 3742 4640 6499 3921
1146 5908 8492 9355 4984
6696 7643 2601 9002 6306
3747 4790 827 4864 8702
729 6130 4612 9368 8080
6574 8728 8353 8847 2848
