101
5846 6140 125 3369 6137
314 8492 1760 6342 8492
1249 1250 1517 3944 1245
3303 7341 243 9722 7333
6751 9494 5347 7205 9493
5675 5677 6653 8830 5673
6019 6997 488 9704 6991
6274 7304 3167 9393 7294
1726 9930 1786 7224 9922
2999 6446 2722 8250 6436
6365 8866 2089 9321 8856
724 6112 3338 7595 6112
6447 7000 2359 3460 6990
5474 7482 4628 9573 7473
1324 9330 43 9021 9324
849 7566 4660 5290 7564
6032 8833 7013 7546 8825
3091 8920 2347 7672 8918
4119 8041 6708 7978 8031
5343 5688 7678 8453 5685
454 8074 6404 9447 8066
4211 6017 648 5051 6014
384 3656 5000 6346 3648
8011 9373 6191 9279 9367
3033 3832 3218 6920 3826
4830 6404 1505 8473 6396
7550 8407 6309 9910 8400
3597 7459 4710 5868 7459
1672 7598 236 9353 7595
4380 9189 2415 8997 9182
856 2350 4282 9013 2344
3101 3427 6817 7614 3418
776 6141 1730 2472 6137
6825 6955 1021 1477 6950
1346 1997 4333 7663 1994
8809 9539 2164 2786 9531
189 845 5320 7075 836
4449 6391 4227 8890 6382
3111 6739 5272 5480 6737
3495 7952 7234 9350 7945
3815 9173 7329 9047 9172
1938 4446 6867 8738 4442
1317 6299 712 1713 6293
2473 9674 2582 9032 9665
4852 6858 642 3562 6851
1221 5070 2741 8588 5069
6553 9102 3596 4064 9099
124 5562 4787 9720 5558
2613 4518 489 5334 4516
8473 8494 1922 7484 8486
1808 5022 2095 2297 5019
328 337 1117 4779 336
6900 7653 815 2019 7648
4689 9502 1148 6816 9499
3470 6886 402 2003 6876
3732 4017 3009 9815 4016
3629 8440 739 7776 8438
3775 6155 1801 8846 6145
3745 6025 2654 4229 6025
6122 6400 7533 9201 6396
4306 7193 203 7573 7183
1952 7823 831 4428 7820
6300 7732 3227 6044 7730
4132 7944 2000 6038 7940
1876 8301 1461 4771 8295
2641 5844 3913 6900 5837
1535 4166 2823 9344 4160
2358 5200 6688 8322 5197
1153 7195 4059 4819 7193
3919 5859 994 4581 5858
5733 7005 3391 9938 7004
3620 5938 2733 9543 5931
6106 7547 510 2535 7543
2017 7367 4851 9857 7357
4541 9930 81 3911 9922
360 1809 8724 9978 1807
1037 2052 720 6187 2051
6709 9384 1135 9424 9375
2925 9551 1540 8617 9550
193 2863 4064 5767 2860
4207 5357 160 7246 5355
1382 5877 395 6010 5872
1631 4035 3790 5693 4033
2119 8940 61 8471 8931
4092 7849 1083 9837 7847
1160 7624 556 702 7618
487 2483 1953 8348 2479
3891 6182 4594 6028 6173
1974 7177 2186 4581 7169
6044 8988 2659 3186 8980
911 9633 1867 4357 9631
6817 7944 371 1399 7939
692 8055 1709 7832 8047
3136 6612 2846 5713 6611
8261 9182 4904 8519 9176
1803 5757 7051 9226 5748
6134 9770 7786 8090 9760
846 7815 293 6606 7805
3907 5963 3930 8572 5960
7185 8449 4596 5615 8440
78 473 818 945 465
