100
5846 6140 125 3369 63
314 8492 1760 6342 32
1249 1250 1517 3944 13
3303 7341 243 9722 16
6751 9494 5347 7205 23
5675 5677 6653 8830 54
6019 6997 488 9704 37
6274 7304 3167 9393 10
1726 9930 1786 7224 23
2999 6446 2722 8250 64
6365 8866 2089 9321 21
724 6112 3338 7595 8
6447 7000 2359 3460 13
5474 7482 4628 9573 48
1324 9330 43 9021 72
849 7566 4660 5290 70
6032 8833 7013 7546 75
3091 8920 2347 7672 29
4119 8041 6708 7978 43
5343 5688 7678 8453 87
454 8074 6404 9447 16
4211 6017 648 5051 75
384 3656 5000 6346 19
8011 9373 6191 9279 80
3033 3832 3218 6920 69
4830 6404 1505 8473 1
7550 8407 6309 9910 78
3597 7459 4710 5868 19
1672 7598 236 9353 40
4380 9189 2415 8997 55
856 2350 4282 9013 92
3101 3427 6817 7614 82
776 6141 1730 2472 9
6825 6955 1021 1477 64
1346 1997 4333 7663 57
8809 9539 2164 2786 74
189 845 5320 7075 98
4449 6391 4227 8890 10
3111 6739 5272 5480 40
3495 7952 7234 9350 86
3815 9173 7329 9047 25
1938 4446 6867 8738 85
1317 6299 712 1713 25
2473 9674 2582 9032 28
4852 6858 642 3562 22
1221 5070 2741 8588 10
6553 9102 3596 4064 16
124 5562 4787 9720 9
2613 4518 489 5334 45
8473 8494 1922 7484 49
1808 5022 2095 2297 49
328 337 1117 4779 17
6900 7653 815 2019 46
4689 9502 1148 6816 31
3470 6886 402 2003 88
3732 4017 3009 9815 77
3629 8440 739 7776 40
3775 6155 1801 8846 35
3745 6025 2654 4229 70
6122 6400 7533 9201 43
4306 7193 203 7573 8
1952 7823 831 4428 15
6300 7732 3227 6044 90
4132 7944 2000 6038 86
1876 8301 1461 4771 8
2641 5844 3913 6900 59
1535 4166 2823 9344 27
2358 5200 6688 8322 19
1153 7195 4059 4819 76
3919 5859 994 4581 80
5733 7005 3391 9938 39
3620 5938 2733 9543 62
6106 7547 510 2535 5
2017 7367 4851 9857 34
4541 9930 81 3911 74
360 1809 8724 9978 48
1037 2052 720 6187 83
6709 9384 1135 9424 45
2925 9551 1540 8617 96
193 2863 4064 5767 31
4207 5357 160 7246 53
1382 5877 395 6010 61
1631 4035 3790 5693 41
2119 8940 61 8471 40
4092 7849 1083 9837 95
1160 7624 556 702 56
487 2483 1953 8348 53
3891 6182 4594 6028 74
1974 7177 2186 4581 61
6044 8988 2659 3186 3
911 9633 1867 4357 54
6817 7944 371 1399 44
692 8055 1709 7832 94
3136 6612 2846 5713 34
8261 9182 4904 8519 34
1803 5757 7051 9226 79
6134 9770 7786 8090 48
846 7815 293 6606 68
3907 5963 3930 8572 16
7185 8449 4596 5615 58
