100
5846 6140 125 3369 1263
314 8492 1760 6342 4432
1249 1250 1517 3944 2013
3303 7341 243 9722 7716
6751 9494 5347 7205 5723
5675 5677 6653 8830 254
6019 6997 488 9704 4537
6274 7304 3167 9393 6310
1726 9930 1786 7224 6623
2999 6446 2722 8250 3664
6365 8866 2089 9321 9021
724 6112 3338 7595 6008
6447 7000 2359 3460 4213
5474 7482 4628 9573 9848
1324 9330 43 9021 9972
849 7566 4660 5290 8370
6032 8833 7013 7546 7775
3091 8920 2347 7672 6729
4119 8041 6708 7978 3143
5343 5688 7678 8453 6187
454 8074 6404 9447 5816
4211 6017 648 5051 2175
384 3656 5000 6346 4419
8011 9373 6191 9279 3680
3033 3832 3218 6920 5969
4830 6404 1505 8473 3501
7550 8407 6309 9910 1878
3597 7459 4710 5868 5019
1672 7598 236 9353 7340
4380 9189 2415 8997 6455
856 2350 4282 9013 2992
3101 3427 6817 7614 8282
776 6141 1730 2472 3209
6825 6955 1021 1477 2064
1346 1997 4333 7663 6457
8809 9539 2164 2786 4274
189 845 5320 7075 7898
4449 6391 4227 8890 2710
3111 6739 5272 5480 4640
3495 7952 7234 9350 8586
3815 9173 7329 9047 2325
1938 4446 6867 8738 85
1317 6299 712 1713 2525
2473 9674 2582 9032 7728
4852 6858 642 3562 7022
1221 5070 2741 8588 710
6553 9102 3596 4064 216
124 5562 4787 9720 9909
2613 4518 489 5334 5445
8473 8494 1922 7484 3649
1808 5022 2095 2297 5149
328 337 1117 4779 1917
6900 7653 815 2019 6446
4689 9502 1148 6816 9731
3470 6886 402 2003 8788
3732 4017 3009 9815 1277
3629 8440 739 7776 4540
3775 6155 1801 8846 435
3745 6025 2654 4229 4370
6122 6400 7533 9201 6243
4306 7193 203 7573 2908
1952 7823 831 4428 4115
6300 7732 3227 6044 7590
4132 7944 2000 6038 9886
1876 8301 1461 4771 9508
2641 5844 3913 6900 8259
1535 4166 2823 9344 6327
2358 5200 6688 8322 3319
1153 7195 4059 4819 6776
3919 5859 994 4581 880
5733 7005 3391 9938 839
3620 5938 2733 9543 4262
6106 7547 510 2535 505
2017 7367 4851 9857 3934
4541 9930 81 3911 3574
360 1809 8724 9978 9248
1037 2052 720 6187 4283
6709 9384 1135 9424 3845
2925 9551 1540 8617 7496
193 2863 4064 5767 7431
4207 5357 160 7246 9353
1382 5877 395 6010 7461
1631 4035 3790 5693 341
2119 8940 61 8471 6540
4092 7849 1083 9837 3895
1160 7624 556 702 7756
487 2483 1953 8348 1053
3891 6182 4594 6028 2874
1974 7177 2186 4581 7161
6044 8988 2659 3186 3503
911 9633 1867 4357 4654
6817 7944 371 1399 5044
692 8055 1709 7832 6294
3136 6612 2846 5713 4934
8261 9182 4904 8519 3234
1803 5757 7051 9226 479
6134 9770 7786 8090 7848
846 7815 293 6606 8268
3907 5963 3930 8572 8116
7185 8449 4596 5615 3658
