1000
140 846 125 369 63
314 492 342 760 32
249 250 517 944 13
303 341 243 722 16
494 751 205 347 23
675 677 653 830 54
19 997 488 704 37
274 304 167 393 10
726 930 224 786 23
446 999 250 722 64
365 866 89 321 21
112 724 338 595 8
447 1000 359 460 13
474 482 573 628 48
324 330 21 43 72
566 849 290 660 70
32 833 13 546 75
91 920 347 672 29
41 119 708 978 43
343 688 453 678 87
74 454 404 447 16
17 211 51 648 75
384 656 346 1000 19
11 373 191 279 80
33 832 218 920 69
404 830 473 505 1
407 550 309 910 78
459 597 710 868 19
598 672 236 353 40
189 380 415 997 55
350 856 13 282 92
101 427 614 817 82
141 776 472 730 9
825 955 21 477 64
346 997 333 663 57
539 809 164 786 74
189 845 75 320 98
391 449 227 890 10
111 739 272 480 40
495 952 234 350 86
173 815 47 329 25
446 938 738 867 85
299 317 712 713 25
473 674 32 582 28
852 858 562 642 22
70 221 588 741 10
102 553 64 596 16
124 562 720 787 9
518 613 334 489 45
473 494 484 922 49
22 808 95 297 49
328 337 117 779 17
653 900 19 815 46
502 689 148 816 31
470 886 3 402 88
17 732 9 815 77
440 629 739 776 40
155 775 801 846 35
25 745 229 654 70
122 400 201 533 43
193 306 203 573 8
823 952 428 831 15
300 732 44 227 90
132 944 38 1000 86
301 876 461 771 8
641 844 900 913 59
166 535 344 823 27
200 358 322 688 19
153 195 59 819 76
859 919 581 994 80
5 733 391 938 39
620 938 543 733 62
106 547 510 535 5
17 367 851 857 34
541 930 81 911 74
360 809 724 978 48
37 52 187 720 83
384 709 135 424 45
551 925 540 617 96
193 863 64 767 31
207 357 160 246 53
382 877 10 395 61
35 631 693 790 41
119 940 61 471 40
92 849 83 837 95
160 624 556 702 56
483 487 348 953 53
182 891 28 594 74
177 974 186 581 61
44 988 186 659 3
633 911 357 867 54
817 944 371 399 44
55 692 709 832 94
136 612 713 846 34
182 261 519 904 34
757 803 51 226 79
134 770 90 786 48
815 846 293 606 68
907 963 572 930 16
185 449 596 615 58
98 677 98 580 45
470 971 142 877 45
73 647 132 449 48
251 772 22 994 73
677 949 179 865 81
56 503 660 895 76
346 552 240 921 5
787 819 327 877 39
131 691 57 691 49
867 984 93 793 9
174 650 177 939 91
503 871 561 591 16
516 864 620 648 31
249 663 36 738 90
715 737 143 810 22
475 877 197 828 69
775 973 203 407 89
467 687 104 654 76
326 904 726 980 19
91 375 279 609 52
537 697 232 679 86
873 901 53 872 29
427 874 469 667 41
4 78 130 742 57
379 423 154 837 80
520 919 227 630 89
193 675 633 670 7
26 53 550 865 72
351 665 204 611 20
43 748 901 995 28
33 929 88 742 12
675 835 189 515 74
364 478 8 409 92
84 973 477 768 63
452 917 169 599 71
148 478 518 738 4
184 485 139 668 10
835 903 107 687 46
811 953 459 514 50
403 686 268 911 77
153 849 406 910 3
103 230 63 226 45
308 556 247 318 67
146 767 220 908 87
690 791 376 748 56
814 981 729 990 97
91 799 639 912 52
155 293 289 415 39
70 76 501 891 61
336 345 181 687 53
616 840 596 955 56
571 901 872 986 99
424 605 321 956 19
33 573 119 711 23
801 911 598 975 7
58 544 311 621 52
911 966 111 419 73
366 931 581 987 35
58 587 658 796 25
670 916 327 468 83
16 369 757 996 23
52 110 160 948 90
499 737 359 580 73
30 722 168 860 74
23 550 428 976 42
342 671 56 819 84
229 945 404 466 64
425 487 153 514 94
72 304 173 775 84
665 995 194 481 48
231 862 547 735 65
109 892 1 407 78
324 906 852 930 80
53 365 38 257 69
697 816 279 448 69
123 1000 605 779 85
151 550 152 307 72
47 998 1 198 34
126 165 325 976 63
170 850 474 720 53
213 886 406 527 71
109 767 346 682 18
646 848 562 667 58
492 773 395 900 7
116 459 876 993 26
26 241 217 774 89
95 873 517 796 4
673 678 201 505 97
545 710 596 794 78
383 684 181 719 25
90 961 241 414 54
739 900 50 818 40
370 561 63 519 5
144 708 296 972 13
20 784 509 736 37
675 888 708 998 0
139 419 161 867 66
882 983 249 578 36
7 292 50 653 28
17 889 135 303 98
241 543 674 877 8
241 723 596 798 98
118 543 42 896 98
686 748 144 522 87
202 584 310 791 47
243 447 416 784 57
489 871 341 696 16
411 899 361 461 16
95 548 5 671 32
548 814 354 593 67
7 142 578 827 87
100 167 329 730 12
488 857 450 736 87
487 538 574 855 91
254 974 381 469 42
215 638 587 763 9
315 968 860 949 1
162 364 110 962 60
762 804 344 640 44
704 749 665 813 30
427 890 611 769 32
725 991 753 914 73
170 221 332 847 24
560 875 432 926 1
626 714 75 575 20
737 755 790 982 12
379 861 116 960 90
24 776 934 935 56
19 325 772 888 90
33 570 607 678 95
785 843 475 987 52
284 450 566 730 33
500 871 411 647 49
34 323 488 632 37
846 859 255 917 99
42 445 286 888 11
64 888 12 604 45
585 742 499 640 21
719 837 77 594 30
146 908 355 492 84
429 873 72 118 92
295 842 228 417 45
643 696 2 601 6
747 790 827 864 2
620 854 262 506 18
590 851 96 270 11
134 613 290 791 86
536 546 486 961 73
809 970 739 919 10
130 729 368 612 80
574 728 353 847 48
219 488 234 900 3
500 774 867 987 53
26 236 132 315 70
926 932 68 219 51
132 540 274 895 49
317 556 58 569 72
133 391 197 991 41
752 782 429 892 47
80 907 755 772 84
892 919 43 461 76
256 750 163 970 92
392 850 237 406 18
258 749 340 396 13
310 646 91 848 46
394 734 794 823 67
147 194 111 950 20
174 224 405 632 4
764 932 571 608 28
267 270 405 624 28
211 610 36 179 9
178 718 5 63 51
102 668 306 421 52
315 905 660 915 75
68 470 60 906 10
12 539 161 785 19
41 629 215 763 98
145 251 124 624 78
523 676 429 584 69
55 248 47 156 90
754 877 140 971 25
406 814 15 299 9
453 511 296 476 68
144 510 395 971 97
180 686 253 519 31
310 789 539 546 34
621 724 555 961 49
492 523 148 701 78
430 459 261 379 2
509 763 289 607 32
227 622 239 853 55
65 653 413 604 80
130 982 297 932 41
736 884 95 422 26
68 849 50 808 24
557 966 313 452 65
93 198 543 685 13
578 703 167 684 55
485 884 4 832 72
245 806 243 745 31
669 720 712 916 60
717 733 343 451 7
201 616 155 917 98
773 827 439 474 91
135 337 152 859 61
171 424 658 937 2
123 938 381 615 24
62 287 694 829 44
9 468 571 915 82
61 651 666 843 29
465 638 227 965 97
495 923 372 622 29
75 671 88 255 47
101 470 8 870 2
512 668 538 877 89
126 835 204 857 78
145 754 761 929 60
335 517 195 511 88
638 872 720 894 43
139 874 328 839 54
623 670 132 731 90
305 377 192 874 56
36 220 662 762 58
107 356 171 414 52
37 468 99 782 30
511 566 234 463 30
489 748 104 245 95
208 908 382 655 16
459 779 546 690 92
476 507 64 222 65
10 352 472 849 23
608 642 655 668 45
78 368 108 538 19
97 980 131 1000 96
327 422 152 994 72
362 727 635 790 58
52 457 348 790 71
210 593 811 959 81
208 247 571 772 42
148 448 24 926 98
568 729 67 963 52
384 765 560 747 15
798 801 935 944 30
372 959 920 996 28
267 893 433 656 36
31 767 843 890 66
309 523 232 574 31
100 841 597 849 67
275 840 384 831 57
128 569 21 714 36
480 500 250 279 48
379 543 402 629 0
266 371 68 206 6
601 940 271 492 28
152 570 70 480 72
316 488 234 807 55
66 122 647 912 40
427 546 407 989 39
103 893 186 723 23
162 944 244 896 26
719 907 830 949 33
724 903 529 566 34
695 824 1 157 58
196 928 810 916 76
139 825 360 917 34
125 871 848 964 81
894 925 280 527 55
427 862 75 643 60
80 322 600 834 29
787 918 218 488 32
580 906 300 683 46
771 993 459 820 18
93 332 16 248 66
460 672 8 893 76
888 927 39 302 35
29 187 176 478 70
86 344 591 785 71
698 805 36 37 99
947 971 62 415 25
373 925 623 752 88
396 514 180 943 22
105 135 594 885 4
225 633 614 694 11
523 983 205 771 17
215 217 264 388 83
603 858 393 478 30
424 821 522 803 12
969 999 445 491 72
282 716 266 1000 41
45 728 32 313 91
715 779 93 428 40
438 445 325 383 56
11 453 51 628 92
341 728 220 593 58
110 612 242 745 73
136 308 25 381 66
205 300 24 596 34
257 737 321 982 64
17 177 308 836 30
199 482 227 557 50
166 376 280 335 79
901 924 60 657 15
388 640 98 716 62
672 694 185 292 44
480 678 230 793 44
848 975 58 285 33
53 899 117 925 46
311 393 687 781 27
353 873 671 865 42
537 774 480 794 35
624 626 163 1000 74
166 682 487 633 97
28 408 354 954 19
386 846 860 923 26
322 888 166 356 34
369 576 284 644 67
177 386 73 807 17
741 958 704 940 28
11 453 513 689 6
465 791 199 607 55
156 416 227 337 58
140 702 27 287 78
412 642 150 592 65
106 389 398 426 60
599 729 404 414 61
9 193 198 271 10
759 801 567 907 4
353 533 189 382 52
163 834 459 553 19
233 671 400 976 66
546 564 128 274 95
39 640 227 635 63
706 870 11 383 2
301 795 578 994 25
269 838 737 877 66
643 808 168 828 24
63 78 129 739 5
149 335 224 241 95
196 761 188 629 53
503 792 15 81 44
817 999 177 534 38
245 905 271 457 5
442 534 157 273 88
17 258 212 991 43
730 974 271 739 94
323 812 634 721 62
254 963 250 946 28
614 824 195 866 70
728 749 28 541 8
710 725 438 519 23
35 556 341 341 49
853 876 439 558 12
253 280 250 626 69
184 381 399 868 68
958 962 95 343 37
440 655 323 949 41
28 272 261 784 69
55 62 850 984 4
39 547 280 425 40
217 973 290 642 35
277 689 263 742 61
650 896 52 721 56
772 932 696 891 38
599 666 459 659 33
156 638 478 982 11
203 404 812 836 59
380 633 54 310 59
234 748 103 561 58
188 773 363 842 5
590 964 2 247 46
441 726 115 735 11
427 552 57 720 51
227 528 129 142 0
360 669 97 995 98
147 833 621 906 17
602 691 63 487 33
169 566 418 639 42
809 818 308 679 18
6 387 136 573 42
148 493 779 930 91
179 321 543 966 6
533 740 315 646 21
426 619 55 151 62
324 566 726 780 0
268 748 709 955 11
243 825 412 954 71
146 231 197 271 11
317 981 105 884 31
409 840 660 778 58
437 829 665 891 7
588 784 181 611 76
403 692 341 695 63
126 627 449 888 28
217 381 292 479 48
549 952 162 358 44
126 725 13 291 72
31 862 841 868 12
72 196 15 791 17
225 740 150 823 59
153 294 2 707 58
82 333 42 524 82
248 737 356 458 78
86 266 26 301 77
219 910 176 225 62
485 890 31 81 27
433 802 327 387 59
108 503 187 222 63
518 899 453 562 13
125 767 152 321 19
590 988 195 270 40
256 764 734 838 28
74 516 172 511 35
681 868 375 441 71
45 904 679 882 2
237 630 253 673 98
655 805 92 707 59
16 56 353 800 90
46 238 595 839 10
396 912 439 449 17
758 781 84 528 27
15 578 455 499 22
467 878 708 958 84
81 151 13 199 38
707 920 421 982 2
255 706 197 559 81
224 376 418 545 40
402 504 221 670 58
416 712 950 975 7
47 651 804 970 93
297 939 120 486 80
811 830 472 681 71
328 733 831 898 20
153 299 298 625 50
305 536 629 655 69
662 908 235 455 71
147 315 233 700 97
874 954 39 556 2
513 551 296 434 78
663 818 234 695 44
445 999 22 216 8
430 495 703 929 52
305 999 214 399 43
854 952 450 705 48
574 705 423 434 44
945 973 470 712 93
106 689 30 806 53
77 991 169 751 12
492 970 103 376 52
162 919 325 998 54
892 978 104 311 50
445 526 648 813 35
603 735 111 688 76
179 869 317 670 7
104 409 198 979 46
423 460 675 713 45
33 828 786 988 66
735 792 398 927 65
4 129 43 108 13
135 261 663 957 15
414 911 369 875 39
170 927 431 920 66
611 784 586 909 46
227 831 328 963 17
445 537 400 462 12
573 890 234 247 51
275 513 277 500 15
534 636 379 881 70
355 590 90 267 79
443 614 360 427 64
112 792 168 514 33
596 730 245 629 9
689 860 231 342 15
181 543 33 773 17
167 546 102 716 20
57 584 1 815 4
46 361 213 637 0
255 651 744 821 37
491 656 278 587 8
446 850 635 828 23
201 539 591 969 17
199 818 203 688 18
534 871 201 836 97
258 546 164 286 27
410 595 162 509 60
421 517 283 526 27
110 807 482 895 71
32 814 204 412 58
312 847 343 775 17
216 400 36 827 97
113 434 15 158 88
148 429 399 450 53
102 789 174 466 53
362 659 163 199 30
631 726 844 889 42
283 284 25 498 32
405 755 113 788 30
13 567 205 207 7
238 933 584 807 80
751 862 292 990 63
403 721 441 599 8
430 796 157 959 88
461 851 137 324 49
305 485 88 632 96
229 549 582 754 77
224 761 18 261 76
73 630 358 899 96
307 636 215 413 15
50 272 270 445 31
88 361 209 653 60
125 645 515 673 33
138 783 544 739 90
78 419 287 914 61
477 778 624 712 82
526 966 677 765 47
34 333 80 472 82
343 772 235 621 61
333 937 520 806 27
226 864 823 829 80
309 713 234 239 3
290 597 768 855 31
797 927 51 909 54
755 787 623 784 33
769 849 421 993 66
230 244 499 682 83
22 54 599 720 22
545 892 193 428 90
464 539 393 404 97
703 814 726 801 58
129 692 401 930 81
39 860 153 493 87
92 798 586 960 37
169 747 807 929 34
6 549 302 346 34
519 883 247 297 61
711 718 97 219 70
2 593 8 730 25
493 923 490 906 19
76 691 77 368 99
245 990 156 861 97
832 973 190 791 21
415 954 192 436 36
221 614 83 770 40
37 933 710 796 37
284 998 351 851 71
69 833 219 826 72
380 828 215 603 37
80 697 559 868 57
52 703 518 960 71
837 883 797 996 31
74 141 180 224 33
37 106 1 66 75
331 951 240 708 65
287 377 436 773 79
158 608 119 452 44
472 494 37 602 41
155 751 362 402 66
398 657 55 368 96
138 779 293 958 4
852 994 327 533 32
701 756 561 791 62
362 749 7 743 7
249 601 329 848 15
90 423 124 564 11
216 509 428 474 49
404 781 10 418 22
17 448 842 954 55
289 372 126 947 28
211 469 153 507 82
203 640 46 106 63
460 929 232 866 95
547 571 132 278 34
180 475 785 812 63
757 786 494 629 9
658 812 536 690 37
770 877 166 322 72
228 463 680 960 4
740 909 417 731 52
14 935 253 487 12
228 591 3 493 35
410 756 206 879 85
774 932 91 821 83
256 691 329 802 89
78 747 361 936 76
355 368 99 788 53
31 158 508 721 34
126 970 375 829 28
668 993 296 342 64
53 525 403 685 55
121 673 136 158 71
635 746 88 767 32
189 609 201 861 62
713 918 608 797 93
639 944 94 366 48
42 403 196 901 48
834 866 7 339 62
887 951 972 1000 44
233 990 159 802 14
639 789 362 510 1
213 674 574 920 17
600 937 232 851 45
568 843 88 334 82
246 606 274 842 72
467 959 171 494 8
648 852 152 431 62
349 729 744 831 5
740 890 125 145 55
221 577 223 946 59
891 941 537 957 79
294 391 740 986 85
212 992 160 437 65
394 1000 606 772 59
120 473 328 541 87
200 457 512 707 24
329 794 95 973 21
678 705 374 631 85
500 759 10 624 41
433 692 145 982 78
366 957 337 522 67
405 828 527 949 28
170 497 434 510 23
301 923 107 500 5
234 969 599 967 6
508 856 690 916 11
94 496 145 363 39
491 521 350 712 73
812 871 330 774 49
363 479 214 402 5
413 844 421 645 30
444 931 72 998 48
553 564 19 687 69
104 374 474 746 87
338 962 458 562 29
454 953 134 153 44
311 448 566 790 19
208 702 520 601 3
707 866 295 349 96
73 269 284 937 88
788 951 35 905 95
221 324 298 872 16
691 832 659 859 15
63 84 717 776 77
129 766 554 784 14
21 726 433 611 58
29 696 301 396 93
36 120 7 886 79
319 481 249 524 95
508 928 422 650 84
681 883 595 757 37
69 832 93 454 75
408 804 217 895 51
90 727 216 852 32
59 179 276 886 66
224 679 516 691 49
235 849 269 811 46
356 487 701 821 27
227 415 581 698 8
400 842 58 96 40
123 979 46 948 46
178 894 12 567 87
238 867 285 342 78
632 674 344 663 11
2 226 103 917 23
104 908 355 570 77
56 384 222 643 77
516 997 194 951 13
29 467 76 814 40
760 887 430 890 92
71 976 208 497 51
606 708 182 331 47
177 506 775 891 99
209 447 238 371 26
150 754 158 632 2
527 764 566 691 13
138 933 116 325 0
848 898 312 785 93
66 89 287 798 2
35 471 345 736 53
49 960 339 606 72
598 659 769 987 41
547 887 496 919 56
194 358 120 841 82
817 822 160 913 76
437 729 176 933 9
388 788 417 959 47
300 385 200 728 72
409 650 828 958 3
668 828 106 143 5
325 481 380 677 39
879 913 249 449 47
114 859 764 771 44
456 488 94 801 27
32 954 68 304 2
123 240 482 543 51
105 483 111 309 16
115 724 757 856 9
190 665 135 402 39
543 641 181 867 11
443 774 655 812 67
813 967 747 839 80
208 822 108 951 78
944 990 542 990 57
413 681 340 844 81
573 980 257 452 63
33 858 449 680 91
175 790 297 666 42
461 888 16 471 37
383 782 22 764 28
61 325 385 695 28
311 858 119 446 25
812 827 4 232 50
31 617 409 657 72
751 951 236 724 86
244 573 15 834 43
160 753 124 748 5
14 995 716 939 53
8 704 137 858 55
46 558 293 768 61
285 827 584 817 22
142 531 732 860 11
155 735 66 958 74
603 919 118 846 17
614 984 317 935 58
186 604 700 735 77
209 448 706 894 91
313 474 329 798 55
213 839 156 256 58
73 76 613 617 33
850 881 642 979 96
847 911 42 94 2
494 764 74 885 98
2 890 44 314 61
246 608 270 762 28
246 907 55 429 84
40 81 923 992 49
39 447 499 800 6
206 704 112 688 60
89 235 250 518 32
588 768 15 954 79
17 883 668 732 36
261 601 176 186 89
12 526 435 880 78
297 865 314 503 15
216 266 449 703 90
267 387 441 460 22
91 988 243 955 61
77 476 117 343 58
259 541 387 541 44
381 571 632 689 33
372 387 216 308 23
164 718 203 558 35
432 887 445 650 84
166 668 750 907 53
133 863 84 163 87
262 584 236 444 0
484 852 672 772 12
830 962 253 828 52
245 930 715 794 91
41 646 136 360 0
484 652 149 316 54
99 110 264 283 87
37 808 269 452 99
489 539 931 971 98
343 899 611 910 12
88 498 82 980 36
114 912 13 21 4
256 767 371 522 46
602 815 544 799 51
110 486 265 323 79
912 963 273 781 18
182 563 198 965 64
537 770 321 987 86
514 697 382 744 75
64 314 88 154 27
87 515 88 244 99
681 867 562 881 82
694 856 358 545 21
124 637 256 901 63
174 220 335 564 54
217 416 699 809 97
270 321 615 788 62
327 531 87 566 86
78 458 431 928 0
24 321 286 653 27
738 765 195 685 47
225 928 363 784 8
83 972 510 982 65
320 403 249 469 99
487 592 184 345 97
178 914 160 607 90
666 806 856 970 26
68 793 182 894 84
289 294 298 878 87
283 421 577 978 8
498 726 401 654 50
636 872 321 963 79
270 949 91 316 27
14 475 336 346 77
341 882 249 971 26
397 819 823 953 6
23 667 465 486 71
779 960 137 647 29
40 126 170 823 47
625 880 152 482 6
545 870 558 906 26
29 252 2 391 23
93 785 586 919 74
408 518 668 735 97
636 957 163 428 99
77 95 255 747 7
157 855 435 790 77
174 936 240 365 22
92 187 193 974 28
303 739 75 445 16
74 816 235 646 9
564 902 223 934 28
482 663 650 997 80
383 789 88 341 59
38 649 198 277 78
227 888 601 965 47
688 728 149 572 49
160 397 215 777 28
658 998 813 936 41
183 362 156 577 32
488 680 202 427 48
737 906 541 796 31
313 321 207 345 93
40 883 894 931 41
571 772 132 604 34
109 830 595 736 22
14 517 285 914 4
496 613 94 600 26
213 494 208 401 50
284 588 354 745 33
546 901 206 626 30
155 527 659 703 4
827 968 255 528 13
141 183 515 531 39
251 419 446 926 26
21 733 763 892 85
234 331 498 650 27
385 553 158 520 1
165 398 57 214 75
324 981 399 476 74
411 992 110 345 46
202 232 477 853 52
499 944 184 995 53
272 536 220 897 98
184 202 898 977 13
434 885 528 737 2
19 735 874 1000 95
150 435 592 857 59
74 463 872 962 48
476 488 447 999 66
360 584 424 522 42
213 702 459 509 73
305 889 122 796 82
341 637 270 382 55
55 990 446 777 27
258 771 417 530 66
345 436 232 513 29
654 887 371 689 48
615 719 169 682 57
115 663 415 988 97
424 970 455 811 62
524 635 155 531 75
181 980 357 966 45
521 746 15 855 80
42 409 327 911 91
84 381 15 919 20
539 547 331 892 2
129 564 68 151 62
689 899 276 960 20
326 760 27 833 3
502 556 278 972 81
289 853 59 516 34
539 575 504 622 51
101 989 655 978 78
566 635 628 809 15
275 314 609 770 53
567 911 347 931 15
577 673 49 787 59
765 980 272 363 2
379 409 236 599 14
74 788 540 808 8
543 618 517 897 8
143 203 504 927 27
156 506 119 644 17
144 800 497 967 26
647 841 134 643 84
176 627 662 723 95
190 983 100 971 87
115 528 135 330 23
191 750 4 359 0
77 509 213 953 14
66 631 68 400 24
364 628 270 354 15
54 411 116 864 86
103 403 435 923 96
787 938 131 582 5
9 76 49 364 62
