100
5846 6140 125 3369 991263
314 8492 1760 6342 994432
1249 1250 1517 3944 672013
3303 7341 243 9722 877716
6751 9494 5347 7205 615723
5675 5677 6653 8830 790254
6019 6997 488 9704 554537
6274 7304 3167 9393 656310
1726 9930 1786 7224 646623
2999 6446 2722 8250 733664
6365 8866 2089 9321 739021
724 6112 3338 7595 896008
6447 7000 2359 3460 604213
5474 7482 4628 9573 949848
1324 9330 43 9021 689972
849 7566 4660 5290 688370
6032 8833 7013 7546 997775
3091 8920 2347 7672 596729
4119 8041 6708 7978 563143
5343 5688 7678 8453 996187
454 8074 6404 9447 935816
4211 6017 648 5051 932175
384 3656 5000 6346 694419
8011 9373 6191 9279 703680
3033 3832 3218 6920 925969
4830 6404 1505 8473 733501
7550 8407 6309 9910 931878
3597 7459 4710 5868 995019
1672 7598 236 9353 687340
4380 9189 2415 8997 516455
856 2350 4282 9013 642992
3101 3427 6817 7614 518282
776 6141 1730 2472 773209
6825 6955 1021 1477 792064
1346 1997 4333 7663 956457
8809 9539 2164 2786 934274
189 845 5320 7075 857898
4449 6391 4227 8890 742710
3111 6739 5272 5480 934640
3495 7952 7234 9350 828586
3815 9173 7329 9047 592325
1938 4446 6867 8738 900085
1317 6299 712 1713 902525
2473 9674 2582 9032 997728
4852 6858 642 3562 967022
1221 5070 2741 8588 900710
6553 9102 3596 4064 860216
124 5562 4787 9720 929909
2613 4518 489 5334 575445
8473 8494 1922 7484 533649
1808 5022 2095 2297 995149
328 337 1117 4779 731917
6900 7653 815 2019 606446
4689 9502 1148 6816 509731
3470 6886 402 2003 848788
3732 4017 3009 9815 941277
3629 8440 739 7776 844540
3775 6155 1801 8846 950435
3745 6025 2654 4229 764370
6122 6400 7533 9201 856243
4306 7193 203 7573 972908
1952 7823 831 4428 924115
6300 7732 3227 6044 917590
4132 7944 2000 6038 879886
1876 8301 1461 4771 689508
2641 5844 3913 6900 878259
1535 4166 2823 9344 836327
2358 5200 6688 8322 923319
1153 7195 4059 4819 986776
3919 5859 994 4581 710880
5733 7005 3391 9938 820839
3620 5938 2733 9543 684262
6106 7547 510 2535 560505
2017 7367 4851 9857 843934
4541 9930 81 3911 963574
360 1809 8724 9978 519248
1037 2052 720 6187 584283
6709 9384 1135 9424 913845
2925 9551 1540 8617 577496
193 2863 4064 5767 727431
4207 5357 160 7246 999353
1382 5877 395 6010 917461
1631 4035 3790 5693 790341
2119 8940 61 8471 666540
4092 7849 1083 9837 633895
1160 7624 556 702 707756
487 2483 1953 8348 501053
3891 6182 4594 6028 582874
1974 7177 2186 4581 627161
6044 8988 2659 3186 933503
911 9633 1867 4357 554654
6817 7944 371 1399 765044
692 8055 1709 7832 976294
3136 6612 2846 5713 904934
8261 9182 4904 8519 983234
1803 5757 7051 9226 500479
6134 9770 7786 8090 877848
846 7815 293 6606 548268
3907 5963 3930 8572 718116
7185 8449 4596 5615 783658
