1000
40 46 25 69 991263
14 92 42 60 994432
49 50 17 44 672013
3 41 22 43 877716
51 94 5 47 615723
75 77 30 53 790254
19 97 4 88 554537
4 74 67 93 656310
26 30 24 86 646623
46 99 22 50 733664
65 66 21 89 739021
12 24 38 95 896008
47 100 59 60 604213
74 82 28 73 949848
24 30 21 43 689972
49 66 60 90 688370
32 33 13 46 997775
20 91 47 72 596729
19 41 8 78 563143
43 88 53 78 996187
54 74 4 47 935816
11 17 48 51 932175
56 84 46 100 694419
11 73 79 91 703680
32 33 18 20 925969
4 30 5 73 733501
7 50 9 10 931878
59 97 10 68 995019
72 98 36 53 687340
80 89 15 97 516455
50 56 13 82 642992
1 27 14 17 518282
41 76 30 72 773209
25 55 21 77 792064
46 97 33 63 956457
9 39 64 86 934274
45 89 20 75 857898
49 91 27 90 742710
11 39 72 80 934640
52 95 34 50 828586
15 73 29 47 592325
38 46 38 67 900085
17 99 12 13 902525
73 74 32 82 997728
52 58 42 62 967022
21 70 41 88 900710
2 53 64 96 860216
24 62 20 87 929909
13 18 34 89 575445
73 94 22 84 533649
8 22 95 97 995149
28 37 17 79 731917
53 100 15 19 606446
2 89 16 48 509731
70 86 2 3 848788
17 32 9 15 941277
29 40 39 76 844540
55 75 1 46 950435
25 45 29 54 764370
22 100 1 33 856243
6 93 3 73 972908
23 52 28 31 924115
32 100 27 44 917590
32 44 38 100 879886
1 76 61 71 689508
41 44 13 100 878259
35 66 23 44 836327
58 100 22 88 923319
53 95 19 59 986776
19 59 81 94 710880
5 33 38 91 820839
20 38 33 43 684262
6 47 10 35 560505
17 67 51 57 843934
30 41 11 81 963574
9 60 24 78 519248
37 52 20 87 584283
9 84 24 35 913845
25 51 17 40 577496
63 93 64 67 727431
7 57 46 60 999353
77 82 10 95 917461
31 35 90 93 790341
19 40 61 71 666540
49 92 37 83 633895
24 60 2 56 707756
83 87 48 53 501053
82 91 28 94 582874
74 77 81 86 627161
44 88 59 86 933503
11 33 57 67 554654
17 44 71 99 765044
55 92 9 32 976294
12 36 13 46 904934
61 82 4 19 983234
3 57 26 51 500479
34 70 86 90 877848
15 46 6 93 548268
7 63 30 72 718116
49 85 15 96 783658
77 98 80 98 900145
70 71 42 77 556845
47 73 32 49 566748
51 72 22 94 780473
49 77 65 79 553281
3 56 60 95 528776
46 52 21 40 988805
19 87 27 77 508939
31 91 57 91 623349
67 84 93 93 502309
50 74 39 77 666891
3 71 61 91 750916
16 64 20 48 859931
49 63 36 38 837190
15 37 10 43 755622
75 77 28 97 648069
73 75 3 7 726489
67 87 4 54 847376
4 26 26 80 991419
75 91 9 79 817352
37 97 32 79 712386
1 73 53 72 703729
27 74 67 69 539241
4 78 30 42 703257
23 79 37 54 814680
19 20 27 30 779089
75 93 33 70 688307
26 53 50 65 695972
51 65 4 11 588420
43 48 1 95 628428
29 33 42 88 637412
35 75 15 89 983774
64 78 8 9 693792
73 84 68 77 817163
17 52 69 99 673071
48 78 18 38 852004
84 85 39 68 891010
3 35 7 87 730246
11 53 14 59 964350
3 86 11 68 598677
49 53 6 10 896103
3 30 26 63 654945
8 56 18 47 683467
46 67 8 20 982787
90 91 48 76 590256
14 81 29 90 638397
91 99 12 39 856252
55 93 15 89 743039
70 76 1 91 892061
36 45 81 87 749053
16 40 55 96 528156
1 71 72 86 828699
5 24 21 56 951219
33 73 11 19 544723
1 11 75 98 694107
44 58 11 21 628852
11 66 11 19 528573
31 66 81 87 603935
58 87 58 96 616925
16 70 27 68 848783
16 69 57 96 826523
10 52 48 60 604390
37 99 59 80 565573
22 30 60 68 663074
23 50 28 76 700842
42 71 19 56 945384
29 45 4 66 547864
25 87 14 53 948594
4 72 73 75 738084
65 95 81 94 753848
31 62 35 47 605365
9 92 1 7 865778
6 24 30 52 805780
53 65 38 57 747769
16 97 48 79 675969
23 100 5 79 965285
50 51 7 52 886572
47 98 1 98 816434
26 65 25 76 573263
50 70 20 74 711553
13 86 6 27 922171
9 67 46 82 631518
46 48 62 67 739558
73 92 95 100 743807
16 59 76 93 968426
26 41 17 74 541189
73 95 17 96 704504
73 78 1 5 569097
10 45 94 96 764878
83 84 19 81 951325
61 90 14 41 897254
39 100 18 50 893440
61 70 19 63 810305
8 44 72 96 546413
20 84 9 36 651837
75 88 8 98 675200
19 39 61 67 695266
82 83 49 78 831836
7 92 50 53 869528
17 89 3 35 926898
41 43 74 77 737308
23 41 96 98 619498
18 43 42 96 628998
48 86 22 44 943487
2 84 10 91 660247
43 47 16 84 774757
71 89 41 96 917316
11 99 61 61 912816
48 95 5 71 841132
14 48 54 93 609267
7 42 27 78 769387
67 100 29 30 740612
57 88 36 50 590887
38 87 55 74 586891
54 74 69 81 694042
15 38 63 87 985509
15 68 49 60 743401
62 64 10 62 766860
4 62 40 44 686944
4 49 13 65 726630
27 90 11 69 734132
25 91 14 53 711673
21 70 32 47 659424
60 75 26 32 739201
14 26 75 75 875020
37 55 82 90 617112
61 79 16 60 987490
24 76 34 35 548256
19 25 72 88 538990
33 70 7 78 686695
43 85 75 87 957952
50 84 30 66 618433
71 100 11 47 718449
23 34 32 88 995837
46 59 17 55 920699
42 45 86 88 590911
64 88 4 12 987845
42 85 40 99 833921
19 37 77 94 557430
8 46 55 92 864984
29 73 18 72 871692
42 95 17 28 730045
43 96 1 2 916306
47 90 27 64 958702
20 54 6 62 969418
51 90 70 96 906111
13 34 90 91 669486
36 46 61 86 817873
9 70 19 39 653910
29 30 12 68 848080
28 74 47 53 622848
19 88 34 100 876203
74 100 67 87 568853
26 36 15 32 799370
26 32 19 68 707551
32 40 74 95 843149
17 56 58 69 800072
33 91 91 97 828041
52 82 29 92 728447
7 80 55 72 647584
19 92 43 61 509376
50 56 63 70 879892
50 92 6 37 609218
49 58 40 96 596113
10 46 48 91 950846
34 94 23 94 887367
47 94 11 50 772320
24 74 5 32 977204
32 64 8 71 818728
67 70 5 24 980628
10 11 36 79 793709
18 78 5 63 923051
2 68 6 21 853952
5 15 15 60 875575
68 70 6 60 722110
12 39 61 85 601119
29 41 15 63 579998
45 51 24 24 773078
23 76 29 84 578569
48 55 47 56 607890
54 77 40 71 556225
6 14 15 99 865609
11 53 76 96 651368
10 44 71 95 746997
80 86 19 53 908331
10 89 39 46 548034
21 24 55 61 652749
23 92 1 48 501578
30 59 61 79 512502
9 63 7 89 827232
22 27 39 53 728555
53 65 4 13 947780
30 82 32 97 871941
36 84 22 95 810626
49 68 8 50 505724
57 66 13 52 520065
93 98 43 85 535713
3 78 67 84 646655
84 85 4 32 558972
6 45 43 45 655731
20 69 12 16 581060
17 33 43 51 945107
1 16 17 55 959398
27 73 39 74 752291
35 37 52 59 646761
24 71 37 58 685002
23 38 15 81 501824
62 87 29 94 632544
9 68 15 71 833782
51 61 43 66 865029
38 65 27 65 831197
23 95 22 72 982929
71 75 55 88 761047
1 70 8 70 808802
12 68 38 77 604789
26 35 4 57 643578
45 54 29 61 528660
17 35 11 95 936088
38 72 20 94 983543
39 74 28 39 604154
23 70 31 32 552490
5 77 74 92 741156
20 36 62 62 909958
7 56 14 71 830052
37 68 82 99 749030
11 66 34 63 903430
48 89 4 45 542495
8 8 55 82 718816
59 79 46 90 664092
7 76 22 64 600865
10 52 49 72 625523
8 42 55 68 594845
68 78 8 38 889819
80 97 31 100 597796
22 27 52 94 878872
27 62 35 90 786358
52 57 48 90 767771
10 93 11 59 570581
8 47 71 72 770042
48 48 24 26 860598
29 68 63 67 750152
65 84 47 60 862615
1 98 35 44 621730
59 72 20 96 924528
67 93 33 56 906936
31 67 43 90 577466
9 23 32 74 574231
41 100 49 97 861367
40 75 31 84 708857
28 69 14 21 788536
80 100 50 79 650548
43 79 2 29 814400
66 71 6 68 861306
1 40 71 92 862428
52 70 70 80 867272
16 88 7 34 623055
22 66 12 47 685240
27 46 7 89 808939
3 93 23 86 618723
44 62 44 96 546726
7 19 30 49 978233
3 24 29 66 982234
24 95 1 57 665658
28 96 10 16 777176
25 39 17 60 949134
25 71 48 64 809781
25 94 27 80 702855
27 62 43 75 610360
22 80 34 100 835629
18 87 18 88 951832
6 80 83 100 605346
71 93 20 59 936218
32 93 16 48 610366
60 72 8 93 749676
27 88 2 39 689335
29 87 76 78 884170
44 86 85 91 630871
5 98 36 37 636399
47 71 15 62 541825
25 73 23 52 553588
14 96 43 80 592222
5 35 85 94 773004
25 33 14 94 898011
23 83 5 71 831117
15 17 64 88 858683
3 58 78 93 981530
21 24 3 22 662612
69 99 45 91 752572
16 82 66 100 782941
28 45 13 32 755991
15 79 28 93 770640
38 45 25 83 637556
11 53 28 51 945092
28 41 20 93 557458
10 12 42 45 520073
8 36 25 81 692966
5 100 24 96 584734
37 57 21 82 842164
17 77 8 36 959530
82 99 27 57 779050
66 76 35 80 560079
1 24 57 60 626515
40 88 16 98 744162
72 94 85 92 569644
78 80 30 93 628544
48 75 58 85 923533
53 99 17 25 665046
11 93 81 87 983627
53 73 65 71 953142
37 74 80 94 521635
24 26 63 100 864174
66 82 33 87 978797
8 28 54 54 558019
46 86 23 60 904726
22 88 56 66 703534
69 76 44 84 815167
77 86 7 73 762617
41 58 4 40 573028
11 53 13 89 668206
65 91 7 99 589455
16 56 27 37 694158
2 40 27 87 914378
12 42 50 92 526265
6 89 26 98 645860
29 99 4 14 539061
9 93 71 98 787110
1 59 7 67 852804
33 53 82 89 976052
34 63 53 59 514019
33 71 76 100 712866
46 64 28 74 596495
39 40 27 35 709363
6 70 11 83 711402
1 95 78 94 631825
38 69 37 77 925966
8 43 28 68 865824
63 78 29 39 680905
35 49 24 41 697695
61 96 29 88 587753
3 92 15 81 626144
17 99 34 77 934738
5 45 57 71 695105
34 42 57 73 546688
17 58 12 91 754743
30 74 39 71 974294
12 23 21 34 571462
54 63 46 50 775628
14 24 66 95 568870
28 49 28 41 665408
10 25 19 38 968023
35 56 41 41 888249
53 76 39 58 982612
53 80 26 50 896169
81 84 68 99 942168
58 62 43 95 913837
40 55 23 49 754741
28 72 61 84 650769
55 62 50 84 645204
39 47 25 80 730140
17 73 42 90 547335
77 89 42 63 592761
50 96 21 52 927156
32 72 91 96 946738
66 99 59 59 630833
38 56 78 82 571611
3 4 12 36 697059
33 80 10 54 567859
34 48 3 61 769558
73 88 42 63 944005
64 90 2 47 622346
26 41 15 35 779711
27 52 20 57 993151
27 28 29 42 618000
60 69 95 97 588498
33 47 6 21 531217
2 91 63 87 813133
66 69 18 39 506142
9 18 8 79 713118
6 87 36 73 653142
48 93 30 79 949891
21 79 43 66 783706
33 40 15 46 809621
19 26 51 55 871362
24 66 26 80 937500
48 68 9 55 793211
25 43 12 54 924571
31 46 71 97 950211
17 81 5 84 633731
9 40 60 78 756558
29 37 65 91 601107
84 88 11 81 882576
3 92 41 95 516463
26 27 49 88 612728
17 81 79 92 727948
49 52 58 62 711044
25 26 13 91 540272
31 62 41 68 741612
72 96 15 91 541917
25 40 23 50 522059
53 94 2 7 981358
33 82 24 42 606082
37 48 56 58 828478
66 86 1 26 573677
10 19 25 76 543562
85 90 31 81 539427
2 33 27 87 922659
3 8 22 87 900063
18 99 53 62 539113
25 67 21 52 943319
88 90 70 95 965140
56 64 34 38 617328
16 74 11 72 693735
68 81 41 75 983671
4 45 79 82 545902
30 37 53 73 674798
5 55 7 92 891359
16 56 53 100 940290
38 46 39 95 582810
12 96 39 49 821517
58 81 28 84 708127
15 78 55 99 978122
67 78 8 58 748684
51 81 13 99 590638
7 20 21 82 810802
6 55 59 97 998081
24 76 18 45 968140
2 4 21 70 916158
12 16 50 75 873707
47 51 4 70 910493
39 97 20 86 833480
11 30 72 81 761971
28 33 31 98 742120
53 99 25 98 772550
5 36 29 55 944369
8 62 35 55 902371
15 47 33 100 603797
54 74 39 56 586602
13 51 34 96 627778
18 63 34 95 807744
45 99 16 22 797908
30 95 3 29 502452
5 99 14 99 878843
52 54 5 50 530948
5 74 23 34 773844
45 73 12 70 969093
6 89 6 30 632853
77 91 51 69 570912
70 92 3 76 616752
19 62 25 98 975754
78 92 4 11 713950
26 45 13 48 732135
3 35 11 88 634976
69 79 17 70 729707
4 9 79 98 760846
23 60 13 75 679745
28 33 86 88 984766
35 92 27 98 693065
4 29 8 43 751713
35 61 57 63 652915
11 14 69 75 673439
27 70 20 31 949666
11 84 9 86 658746
27 31 28 63 706217
37 45 62 100 551912
73 90 34 47 807051
13 75 77 100 869015
34 36 79 81 894870
55 90 67 90 944079
14 43 27 60 722864
12 92 14 68 836033
30 96 29 45 525009
60 89 31 42 752715
43 81 33 73 579217
46 67 2 16 657120
57 84 1 15 789104
46 61 13 37 953500
51 55 21 44 892937
56 91 78 87 599908
46 50 28 35 641123
1 39 69 91 693317
18 99 3 88 537518
34 71 1 36 996297
46 58 64 86 695327
10 95 9 62 724460
17 21 26 83 791327
7 10 82 95 710971
14 32 4 12 690358
12 47 43 75 866717
16 100 27 36 692697
13 34 15 58 996788
29 48 50 99 836153
2 89 66 74 965753
59 62 63 99 729630
26 31 44 89 524842
83 84 25 98 529432
5 55 13 88 785330
13 67 5 7 809807
33 38 7 84 830480
51 62 90 92 503363
3 21 41 99 989708
30 96 57 59 788888
51 61 24 37 972149
5 85 32 88 951196
29 49 54 82 862277
24 61 18 61 517076
30 73 58 99 837596
7 36 13 15 712415
50 72 45 70 965331
61 88 9 53 923860
25 45 15 73 778533
38 83 39 44 988590
19 78 14 87 666661
77 78 12 24 968282
26 66 65 77 757647
33 34 72 80 521282
43 72 21 35 584761
33 37 6 20 617827
26 64 23 29 955680
9 13 34 39 637603
90 97 55 68 853731
27 97 9 51 610254
55 87 23 84 540833
49 69 21 93 816666
30 44 82 99 626583
22 54 20 99 805922
45 92 28 93 841890
39 64 4 93 605997
3 14 1 26 799958
29 92 1 30 776681
39 60 53 93 843687
92 98 60 86 756037
47 69 7 29 818134
6 49 2 46 746734
19 83 47 97 508761
11 18 19 97 559170
2 93 8 30 737525
23 93 6 90 894219
76 91 68 77 820499
45 90 56 61 501897
32 73 90 91 776121
15 54 36 92 966736
14 21 70 83 985140
33 37 10 96 787337
84 98 51 51 529471
33 69 19 26 717272
28 80 3 15 829337
80 97 59 68 832557
3 52 18 60 875671
37 83 96 97 644331
41 74 24 80 999233
6 37 1 66 868575
31 51 8 40 669365
77 87 36 73 923579
8 58 19 52 532044
72 94 2 37 658341
51 55 2 62 768266
57 98 55 68 572096
38 79 58 93 777504
52 94 27 33 748732
1 56 61 91 503362
49 62 7 43 630607
1 49 29 48 889915
23 90 24 64 835511
9 16 28 74 731049
4 81 10 18 746022
17 48 42 54 933455
72 89 26 47 773328
11 69 7 53 817382
3 40 6 46 700863
29 60 32 66 597595
47 71 32 78 925234
75 80 12 85 939863
57 86 29 94 599109
12 58 36 90 658737
70 77 22 66 985472
28 63 60 80 505904
9 40 17 31 622952
14 35 53 87 896912
28 91 3 93 665835
10 56 6 79 775085
32 74 21 91 598583
56 91 2 29 703189
47 78 36 61 945176
55 68 88 99 981353
31 58 8 21 517134
26 70 29 75 685528
68 93 42 96 646364
25 53 3 85 915355
21 73 36 58 690471
35 46 67 88 815132
9 89 1 61 885362
13 18 8 97 715593
39 44 66 94 998248
3 42 1 96 785848
34 66 7 39 683262
51 87 72 100 562844
33 90 2 59 518614
39 89 10 62 679001
13 74 20 74 752717
37 100 32 51 737745
43 68 34 88 794282
6 46 42 74 951872
59 67 71 94 862808
48 52 31 52 967562
29 49 31 44 862805
40 90 25 45 910855
21 77 23 46 944359
41 91 37 57 691779
91 94 40 86 821585
12 92 37 60 928665
94 100 6 72 567459
20 73 28 41 612487
57 100 7 12 667324
29 94 73 95 585121
5 78 31 74 870285
59 100 10 24 701841
33 92 45 82 930478
57 66 22 37 834767
5 28 27 49 834028
70 97 10 34 837023
1 23 7 100 845005
34 69 67 99 600106
8 56 16 90 575811
94 96 45 63 519739
21 91 12 50 913373
12 71 30 74 508349
63 79 2 14 953905
13 44 21 45 927330
31 44 72 98 874348
53 64 19 87 895869
4 74 46 74 583787
38 62 58 62 521429
53 54 34 53 692544
11 48 66 90 887119
2 8 1 20 541303
7 66 49 95 511296
69 73 37 84 570488
51 88 5 35 947395
21 24 72 98 512416
32 91 59 59 854415
63 84 17 76 708577
29 66 54 84 862514
21 26 11 33 518458
29 96 1 96 878293
20 36 7 86 885379
19 81 24 49 912395
8 28 22 50 594284
81 83 57 95 976337
32 69 54 93 612175
4 8 17 95 899351
27 90 16 52 728232
59 79 76 86 733266
24 79 16 91 599249
35 49 11 69 686146
56 87 1 21 587427
15 27 81 98 764908
42 100 58 96 572240
23 79 46 48 642146
78 94 12 67 653587
38 67 42 85 613878
32 74 44 63 939111
2 26 3 17 691623
4 8 55 70 656577
56 84 22 43 837477
16 97 51 94 996913
29 67 14 76 620440
60 87 30 90 603992
71 76 8 97 814151
6 8 31 82 654847
6 77 75 91 989899
9 47 38 71 566526
50 54 32 58 843402
27 64 66 91 758413
33 38 16 25 532200
48 98 12 85 746193
66 89 87 98 713502
35 71 36 45 962553
49 60 6 39 592872
59 98 69 87 779341
47 87 19 96 618656
58 94 20 41 944682
17 22 13 60 669576
29 37 33 76 509309
88 88 17 59 527247
85 100 28 100 931572
9 50 28 58 734203
28 68 6 43 935805
25 81 77 80 993239
13 79 49 49 885847
14 59 64 71 609144
56 88 1 94 881427
32 54 4 68 672102
23 40 43 82 841951
5 83 9 11 708016
15 24 56 57 872309
65 90 2 35 901139
41 43 67 81 853611
43 74 12 55 542467
13 67 39 47 880480
8 22 8 51 735378
44 90 42 90 768657
13 81 40 44 927381
73 80 52 57 902563
33 58 49 80 616991
75 90 66 97 970942
61 88 16 71 544837
82 83 22 64 778828
25 61 85 95 572328
11 58 19 46 712125
12 27 4 32 752350
17 31 9 57 781972
51 51 24 36 642186
44 73 15 34 640743
53 60 24 48 809105
14 95 16 39 693653
4 8 37 58 961855
46 58 68 93 651961
27 85 17 84 515622
31 42 32 60 974011
35 55 58 66 855274
3 19 18 46 538317
14 84 17 35 861158
4 86 35 100 636477
9 48 6 94 879891
13 74 29 98 902255
13 39 56 56 797858
73 76 13 17 657433
50 81 42 79 942596
11 47 42 94 869002
64 94 74 85 972998
2 90 14 44 821861
8 46 62 70 936728
7 46 29 55 917684
40 81 23 92 942849
39 47 99 100 696406
4 6 12 88 917360
35 89 18 50 947432
68 88 15 54 505079
17 83 32 68 695036
1 61 76 86 530089
12 26 35 80 536478
65 97 3 14 666615
16 66 3 49 708690
67 87 41 60 603722
88 91 43 55 693561
76 77 17 43 840358
41 59 41 87 928544
71 81 32 89 603933
72 87 8 16 857423
18 64 3 58 928335
32 87 45 50 649784
66 68 7 50 775653
33 63 63 84 769887
62 84 36 44 703900
52 84 72 72 934612
30 62 28 53 560752
30 45 15 94 817991
41 46 36 60 614200
52 84 16 49 941654
10 99 64 83 578287
8 37 52 69 884199
39 89 31 71 620898
43 99 10 11 551912
88 98 80 82 790136
12 14 13 21 964004
56 67 22 71 561846
2 15 44 99 815451
10 86 23 65 964879
12 63 73 81 516218
63 82 65 98 802964
37 70 21 87 935386
14 97 44 82 938975
14 64 54 88 749927
15 87 44 88 874099
67 81 62 81 677482
56 94 45 58 604021
24 37 1 56 684763
20 74 35 64 734054
16 17 9 99 579497
21 70 15 88 548762
27 31 66 87 736886
58 78 28 31 884100
21 24 53 86 951727
38 65 85 95 920747
25 28 63 84 677808
72 83 10 82 957865
3 20 49 69 620699
87 92 45 84 507397
14 78 7 60 712090
6 66 56 70 667626
68 93 82 94 698684
89 94 78 98 926287
21 83 77 78 871808
26 98 1 54 932050
36 72 21 63 558779
49 70 16 91 873227
14 75 36 46 987377
41 82 49 71 923126
19 97 23 53 516006
23 67 65 86 855271
60 79 37 47 525629
26 40 23 70 790647
25 80 52 82 641606
45 70 6 58 685326
29 52 2 91 829223
85 93 19 86 668874
8 18 35 68 857597
36 57 28 63 974799
77 95 47 55 789907
55 57 35 90 908177
36 74 40 65 843022
87 92 74 93 897728
3 39 45 75 891416
16 74 35 46 609109
2 64 23 34 734428
63 82 50 97 824380
83 89 41 88 601059
38 49 77 98 544378
27 88 1 65 726647
28 88 49 72 612249
60 97 15 77 581328
58 98 13 36 946641
62 83 56 77 609632
80 88 2 27 503148
6 37 41 96 848131
13 21 7 45 692693
40 83 31 94 770041
71 72 4 32 930234
9 30 36 95 537122
14 17 14 85 548804
13 96 94 100 798626
13 94 1 8 771250
84 88 45 54 758033
1 46 6 26 842630
27 55 3 59 558704
27 68 28 55 598413
41 83 15 31 975239
19 51 26 46 594226
21 33 63 92 655085
31 34 50 98 691727
53 85 20 58 671701
65 98 14 57 885875
24 81 76 99 837774
11 92 10 45 812146
2 32 53 77 619752
44 99 84 95 954153
36 72 20 97 673298
2 84 77 98 592113
34 85 28 37 679702
19 35 74 100 942695
35 50 57 92 773259
63 74 62 72 877248
76 88 47 99 688666
60 84 22 24 543742
2 13 9 59 628273
5 89 22 96 794082
37 41 70 82 737055
55 90 46 77 800627
58 71 17 30 765466
36 45 13 32 649429
54 87 71 89 762748
15 19 69 82 840557
15 63 15 88 803597
24 70 11 55 887562
24 35 31 55 706075
80 81 57 66 895245
21 46 15 55 667980
9 42 11 27 506891
81 84 15 19 914520
39 47 31 92 589202
29 64 51 68 795862
89 99 60 76 720420
26 60 27 33 681503
2 56 72 78 578181
53 89 16 59 590534
39 75 4 22 649551
1 89 55 78 801778
35 66 9 28 774315
14 75 9 70 565253
11 67 31 47 813215
73 77 49 87 947659
65 80 63 72 911902
9 79 36 99 911614
74 88 8 40 899508
18 43 17 97 636108
3 43 4 27 766527
6 56 19 44 774217
44 100 67 97 872726
41 47 34 43 956484
27 76 23 62 936595
83 90 71 100 896487
15 28 30 35 757123
50 91 4 59 501800
9 77 13 53 688714
31 66 68 100 908624
28 64 54 70 916715
11 54 16 64 887086
3 3 23 35 840896
38 87 31 82 641505
9 76 49 64 807962
